column	count	min	max	sum	mean	Q1	med	Q3	IQR	lW	rW	A_Count	C_Count	G_Count	T_Count	N_Count	Max_count
1	45764716	2	37	1668895901	36.47	37	37	37	0	37	37	6868995	17784361	13875144	7234115	2101	45764716
2	45764716	2	37	1669461488	36.48	37	37	37	0	37	37	11809400	7968660	11942912	14043690	54	45764716
3	45764716	2	37	1674086790	36.58	37	37	37	0	37	37	12288755	11014198	12511949	9949776	38	45764716
4	45764716	2	37	1675074233	36.60	37	37	37	0	37	37	15036915	10437081	12731726	7558993	1	45764716
5	45764716	2	37	1675758802	36.62	37	37	37	0	37	37	14354106	9572549	12840704	8997331	26	45764716
6	45764716	11	37	1674938296	36.60	37	37	37	0	37	37	14471167	11148210	10355321	9790018	0	45764716
7	45764716	2	37	1674372685	36.59	37	37	37	0	37	37	6467842	12058249	9504378	17734240	7	45764716
8	45764716	11	37	1677224566	36.65	37	37	37	0	37	37	8559414	14990475	10553594	11661233	0	45764716
9	45764716	11	37	1676515518	36.63	37	37	37	0	37	37	9069284	13237290	10688876	12769266	0	45764716
10	45764716	11	37	1676817632	36.64	37	37	37	0	37	37	15337446	9441031	11759123	9227116	0	45764716
11	45764716	11	37	1678198824	36.67	37	37	37	0	37	37	9919911	13909933	13806896	8127976	0	45764716
12	45764716	11	37	1676292238	36.63	37	37	37	0	37	37	9221729	12981721	11566685	11994581	0	45764716
13	45764716	11	37	1675616388	36.61	37	37	37	0	37	37	10909783	11170765	10913945	12770223	0	45764716
14	45764716	11	37	1675722308	36.62	37	37	37	0	37	37	10745296	11444125	11560872	12014423	0	45764716
15	45764716	11	37	1676027132	36.62	37	37	37	0	37	37	10790173	11648147	11832540	11493856	0	45764716
16	45764716	11	37	1676077254	36.62	37	37	37	0	37	37	10828534	11701466	11856112	11378604	0	45764716
17	45764716	11	37	1675895350	36.62	37	37	37	0	37	37	11030738	11550724	11938140	11245114	0	45764716
18	45764716	11	37	1675327274	36.61	37	37	37	0	37	37	11070928	11653237	11732804	11307747	0	45764716
19	45764716	11	37	1675589348	36.61	37	37	37	0	37	37	10994473	11614865	11964659	11190719	0	45764716
20	45764716	11	37	1675669414	36.61	37	37	37	0	37	37	11185435	11515842	12000482	11062957	0	45764716
21	45764716	11	37	1675293676	36.61	37	37	37	0	37	37	11170760	11497229	11830081	11266646	0	45764716
22	45764716	11	37	1673789226	36.57	37	37	37	0	37	37	11242194	11524518	11995364	11002640	0	45764716
23	45764716	11	37	1674448576	36.59	37	37	37	0	37	37	11341529	11477743	11944420	11001024	0	45764716
24	45764716	11	37	1674033128	36.58	37	37	37	0	37	37	11357504	11479824	11809891	11117497	0	45764716
25	45764716	11	37	1673937608	36.58	37	37	37	0	37	37	11274268	11566939	11939974	10983535	0	45764716
26	45764716	11	37	1672992864	36.56	37	37	37	0	37	37	11298642	11479975	11985380	11000719	0	45764716
27	45764716	11	37	1672603118	36.55	37	37	37	0	37	37	11245575	11541055	11849292	11128794	0	45764716
28	45764716	11	37	1672292658	36.54	37	37	37	0	37	37	11127105	11644455	11931033	11062123	0	45764716
29	45764716	11	37	1672083596	36.54	37	37	37	0	37	37	11184801	11600988	11965477	11013450	0	45764716
30	45764716	11	37	1671152984	36.52	37	37	37	0	37	37	11233466	11562051	11803435	11165764	0	45764716
31	45764716	11	37	1671166092	36.52	37	37	37	0	37	37	11157777	11649582	11815710	11141647	0	45764716
32	45764716	11	37	1670909272	36.51	37	37	37	0	37	37	11266838	11593122	11840214	11064542	0	45764716
33	45764716	11	37	1670531322	36.50	37	37	37	0	37	37	11241326	11583928	11753455	11186007	0	45764716
34	45764716	11	37	1670389934	36.50	37	37	37	0	37	37	11187535	11611860	11970220	10995101	0	45764716
35	45764716	11	37	1670216202	36.50	37	37	37	0	37	37	11314815	11541834	11899164	11008903	0	45764716
36	45764716	11	37	1669863656	36.49	37	37	37	0	37	37	11196393	11683877	11815007	11069439	0	45764716
37	45764716	11	37	1669651414	36.48	37	37	37	0	37	37	11130859	11686161	11881904	11065792	0	45764716
38	45764716	11	37	1668970182	36.47	37	37	37	0	37	37	11140594	11632902	11910591	11080629	0	45764716
39	45764716	11	37	1669050728	36.47	37	37	37	0	37	37	11203755	11690404	11744699	11125858	0	45764716
40	45764716	11	37	1668747076	36.46	37	37	37	0	37	37	11089627	11729326	11890265	11055498	0	45764716
41	45764716	11	37	1668595102	36.46	37	37	37	0	37	37	11180380	11593014	11967961	11023361	0	45764716
42	45764716	11	37	1668129480	36.45	37	37	37	0	37	37	11153258	11656070	11772285	11183103	0	45764716
43	45764716	11	37	1667929184	36.45	37	37	37	0	37	37	11079631	11714400	11866613	11104072	0	45764716
44	45764716	11	37	1667817452	36.44	37	37	37	0	37	37	11162897	11629486	11920848	11051485	0	45764716
45	45764716	11	37	1667282928	36.43	37	37	37	0	37	37	11196932	11667551	11783417	11116816	0	45764716
46	45764716	11	37	1667118510	36.43	37	37	37	0	37	37	11104811	11754450	11891696	11013759	0	45764716
47	45764716	11	37	1666962190	36.42	37	37	37	0	37	37	11160661	11637592	11899420	11067043	0	45764716
48	45764716	11	37	1667031538	36.43	37	37	37	0	37	37	11158011	11680502	11796108	11130095	0	45764716
49	45764716	11	37	1666925226	36.42	37	37	37	0	37	37	11072676	11798420	11871624	11021996	0	45764716
50	45764716	11	37	1666505842	36.41	37	37	37	0	37	37	11122122	11705644	11923020	11013930	0	45764716
51	45764716	11	37	1666317874	36.41	37	37	37	0	37	37	11140882	11745441	11768684	11109709	0	45764716
52	45764716	11	37	1665974898	36.40	37	37	37	0	37	37	11124270	11754916	11908969	10976561	0	45764716
53	45764716	11	37	1665800576	36.40	37	37	37	0	37	37	11177431	11703210	11888075	10996000	0	45764716
54	45764716	11	37	1665315476	36.39	37	37	37	0	37	37	11108588	11754962	11808998	11092168	0	45764716
55	45764716	11	37	1665588640	36.39	37	37	37	0	37	37	11000262	11863503	11889360	11011591	0	45764716
56	45764716	11	37	1663772238	36.35	37	37	37	0	37	37	11105070	11764308	11896828	10998510	0	45764716
57	45764716	11	37	1664948518	36.38	37	37	37	0	37	37	11077261	11748568	11783266	11155621	0	45764716
58	45764716	11	37	1664917690	36.38	37	37	37	0	37	37	11065989	11782368	11898150	11018209	0	45764716
59	45764716	11	37	1664299030	36.37	37	37	37	0	37	37	11127229	11709636	11942029	10985822	0	45764716
60	45764716	11	37	1664458928	36.37	37	37	37	0	37	37	11143186	11739822	11779222	11102486	0	45764716
61	45764716	11	37	1664174370	36.36	37	37	37	0	37	37	11045207	11799778	11911178	11008553	0	45764716
62	45764716	11	37	1664017696	36.36	37	37	37	0	37	37	11095383	11777115	11888832	11003386	0	45764716
63	45764716	11	37	1663309666	36.34	37	37	37	0	37	37	11122590	11701363	11761818	11178945	0	45764716
64	45764716	11	37	1662564212	36.33	37	37	37	0	37	37	11054514	11793748	11887778	11028676	0	45764716
65	45764716	11	37	1662503366	36.33	37	37	37	0	37	37	11157051	11665638	11983451	10958576	0	45764716
66	45764716	11	37	1662028648	36.32	37	37	37	0	37	37	11125805	11726853	11803975	11108083	0	45764716
67	45764716	11	37	1662070546	36.32	37	37	37	0	37	37	11071758	11819723	11919947	10953288	0	45764716
68	45764716	11	37	1661683058	36.31	37	37	37	0	37	37	11116336	11748946	11905606	10993828	0	45764716
69	45764716	11	37	1661122188	36.30	37	37	37	0	37	37	11162002	11715107	11785115	11102492	0	45764716
70	45764716	11	37	1661336298	36.30	37	37	37	0	37	37	11062002	11843068	11828912	11030734	0	45764716
71	45764716	11	37	1661752148	36.31	37	37	37	0	37	37	11139456	11714283	11882916	11028061	0	45764716
72	45764716	11	37	1661150840	36.30	37	37	37	0	37	37	11161341	11721158	11784277	11097940	0	45764716
73	45764716	11	37	1660710256	36.29	37	37	37	0	37	37	11047745	11788984	11925275	11002712	0	45764716
74	45764716	11	37	1660277962	36.28	37	37	37	0	37	37	11123216	11733765	11889086	11018649	0	45764716
75	45764716	11	37	1660364976	36.28	37	37	37	0	37	37	11126185	11734745	11822861	11080925	0	45764716
76	45764716	11	37	1660109008	36.27	37	37	37	0	37	37	11039289	11781829	11887202	11056396	0	45764716
77	45764716	11	37	1659679218	36.27	37	37	37	0	37	37	11091030	11723457	11940413	11009816	0	45764716
78	45764716	11	37	1659241202	36.26	37	37	37	0	37	37	11100642	11786762	11770691	11106621	0	45764716
79	45764716	11	37	1658682876	36.24	37	37	37	0	37	37	11011266	11811900	11873899	11067651	0	45764716
80	45764716	11	37	1658915628	36.25	37	37	37	0	37	37	11046372	11804165	11904010	11010169	0	45764716
81	45764716	11	37	1658864438	36.25	37	37	37	0	37	37	11125244	11789815	11747619	11102038	0	45764716
82	45764716	11	37	1658286376	36.24	37	37	37	0	37	37	11038876	11844632	11870951	11010257	0	45764716
83	45764716	11	37	1658381882	36.24	37	37	37	0	37	37	11119405	11746282	11888117	11010912	0	45764716
84	45764716	11	37	1657691864	36.22	37	37	37	0	37	37	11157519	11773365	11797501	11036331	0	45764716
85	45764716	11	37	1656038442	36.19	37	37	37	0	37	37	11047663	11786184	11949577	10981292	0	45764716
86	45764716	2	37	1657238788	36.21	37	37	37	0	37	37	11159199	11701006	11945206	10959287	18	45764716
87	45764716	2	37	1658083040	36.23	37	37	37	0	37	37	11118679	11740499	11812909	11092621	8	45764716
88	45764716	11	37	1657342098	36.21	37	37	37	0	37	37	11128474	11803727	11881126	10951389	0	45764716
89	45764716	2	37	1656647120	36.20	37	37	37	0	37	37	11116089	11777808	11908816	10962001	2	45764716
90	45764716	2	37	1655726060	36.18	37	37	37	0	37	37	11146697	11787710	11779132	11051165	12	45764716
91	45764716	2	37	1656573740	36.20	37	37	37	0	37	37	11049122	11861617	11893230	10960743	4	45764716
92	45764716	11	37	1657351950	36.21	37	37	37	0	37	37	11141092	11729223	11890427	11003974	0	45764716
93	45764716	2	37	1656677586	36.20	37	37	37	0	37	37	11098272	11756185	11802031	11108226	2	45764716
94	45764716	11	37	1656208790	36.19	37	37	37	0	37	37	11066573	11845601	11873644	10978898	0	45764716
95	45764716	11	37	1656390338	36.19	37	37	37	0	37	37	11132226	11770414	11923850	10938226	0	45764716
96	45764716	11	37	1656020860	36.19	37	37	37	0	37	37	11118940	11795895	11770868	11079013	0	45764716
97	45764716	11	37	1655640098	36.18	37	37	37	0	37	37	11058159	11891428	11890845	10924284	0	45764716
98	45764716	11	37	1654091032	36.14	37	37	37	0	37	37	11121429	11812883	11842916	10987488	0	45764716
99	45764716	11	37	1654321472	36.15	37	37	37	0	37	37	11113808	11761446	11765679	11123783	0	45764716
100	45764716	11	37	1654690434	36.16	37	37	37	0	37	37	11075835	11906263	11829444	10953174	0	45764716
101	45764716	11	37	1654490604	36.15	37	37	37	0	37	37	11142672	11750074	11875832	10996138	0	45764716
102	45764716	11	37	1654187196	36.15	37	37	37	0	37	37	11145732	11820838	11738988	11059158	0	45764716
103	45764716	11	37	1653726106	36.14	37	37	37	0	37	37	11094035	11884975	11802066	10983640	0	45764716
104	45764716	11	37	1653893434	36.14	37	37	37	0	37	37	11146169	11774432	11883478	10960637	0	45764716
105	45764716	11	37	1653536450	36.13	37	37	37	0	37	37	11128873	11766649	11794967	11074227	0	45764716
106	45764716	11	37	1653386086	36.13	37	37	37	0	37	37	11007217	11869744	11889076	10998679	0	45764716
107	45764716	11	37	1653394196	36.13	37	37	37	0	37	37	11118515	11813474	11846470	10986257	0	45764716
108	45764716	11	37	1653335954	36.13	37	37	37	0	37	37	11085404	11825999	11740883	11112430	0	45764716
109	45764716	11	37	1653264742	36.13	37	37	37	0	37	37	11052335	11918627	11888365	10905389	0	45764716
110	45764716	11	37	1652532052	36.11	37	37	37	0	37	37	11151999	11802072	11916605	10894040	0	45764716
111	45764716	11	37	1651786580	36.09	37	37	37	0	37	37	11135988	11814651	11758034	11056043	0	45764716
112	45764716	11	37	1651583826	36.09	37	37	37	0	37	37	11090336	11892048	11800948	10981384	0	45764716
113	45764716	11	37	1651222034	36.08	37	37	37	0	37	37	11108292	11805327	11906147	10944950	0	45764716
114	45764716	11	37	1650842912	36.07	37	37	37	0	37	37	11137641	11802648	11768274	11056153	0	45764716
115	45764716	11	37	1650868876	36.07	37	37	37	0	37	37	11070209	11864469	11890766	10939272	0	45764716
116	45764716	11	37	1651060426	36.08	37	37	37	0	37	37	11166767	11778684	11902709	10916556	0	45764716
117	45764716	11	37	1650159284	36.06	37	37	37	0	37	37	11158275	11798367	11828746	10979328	0	45764716
118	45764716	11	37	1648657374	36.02	37	37	37	0	37	37	11066891	11857278	11889742	10950805	0	45764716
119	45764716	11	37	1647270008	35.99	37	37	37	0	37	37	11165637	11757879	11928282	10912918	0	45764716
120	45764716	11	37	1648737696	36.03	37	37	37	0	37	37	11150132	11726948	11848723	11038913	0	45764716
121	45764716	2	37	1649494787	36.04	37	37	37	0	37	37	11122436	11783880	11954318	10904081	1	45764716
122	45764716	2	37	1649212978	36.04	37	37	37	0	37	37	11162035	11731411	11911523	10959745	2	45764716
123	45764716	2	37	1647787761	36.01	37	37	37	0	37	37	11218835	11777067	11798906	10969905	3	45764716
124	45764716	2	37	1644796039	35.94	37	37	37	0	37	37	11066767	11895758	11882513	10919269	409	45764716
125	45764716	11	37	1646380482	35.97	37	37	37	0	37	37	11153073	11784161	11873809	10953673	0	45764716
126	45764716	2	37	1648035932	36.01	37	37	37	0	37	37	11146240	11760435	11860154	10997873	14	45764716
127	45764716	2	37	1647686433	36.00	37	37	37	0	37	37	11095623	11823839	11911852	10933385	17	45764716
128	45764716	2	37	1647195349	35.99	37	37	37	0	37	37	11182675	11769568	11907151	10905311	11	45764716
129	45764716	2	37	1647031246	35.99	37	37	37	0	37	37	11209866	11766502	11824695	10963651	2	45764716
130	45764716	2	37	1647476872	36.00	37	37	37	0	37	37	11080029	11836172	11901762	10946733	20	45764716
131	45764716	2	37	1646190916	35.97	37	37	37	0	37	37	11142068	11740890	11927311	10954423	24	45764716
132	45764716	11	37	1643088278	35.90	37	37	37	0	37	37	11192694	11726799	11826562	11018661	0	45764716
133	45764716	11	37	1643195700	35.91	37	37	37	0	37	37	11130956	11833660	11850332	10949768	0	45764716
134	45764716	11	37	1645433418	35.95	37	37	37	0	37	37	11246283	11734556	11888448	10895429	0	45764716
135	45764716	11	37	1644599962	35.94	37	37	37	0	37	37	11183764	11793879	11796147	10990926	0	45764716
136	45764716	11	37	1643828262	35.92	37	37	37	0	37	37	11151315	11846246	11892487	10874668	0	45764716
137	45764716	11	37	1644086916	35.92	37	37	37	0	37	37	11175771	11763701	11912264	10912980	0	45764716
138	45764716	11	37	1643282640	35.91	37	37	37	0	37	37	11164637	11758039	11794695	11047345	0	45764716
139	45764716	11	37	1642482222	35.89	37	37	37	0	37	37	11145619	11813783	11858230	10947084	0	45764716
140	45764716	11	37	1642550094	35.89	37	37	37	0	37	37	11169994	11708533	11939169	10947020	0	45764716
141	45764716	11	37	1641989172	35.88	37	37	37	0	37	37	11175901	11711102	11872234	11005479	0	45764716
142	45764716	11	37	1642174362	35.88	37	37	37	0	37	37	11089721	11826139	11925652	10923204	0	45764716
143	45764716	11	37	1641757738	35.87	37	37	37	0	37	37	11203224	11697998	11963807	10899687	0	45764716
144	45764716	11	37	1641551510	35.87	37	37	37	0	37	37	11188436	11821340	11767428	10987512	0	45764716
145	45764716	11	37	1641129242	35.86	37	37	37	0	37	37	11110021	11839845	11914677	10900173	0	45764716
146	45764716	11	37	1639932928	35.83	37	37	37	0	37	37	11176363	11798610	11903207	10886536	0	45764716
147	45764716	11	37	1638473400	35.80	37	37	37	0	37	37	11180378	11788458	11809290	10986590	0	45764716
148	45764716	2	37	1639510521	35.82	37	37	37	0	37	37	11117694	11828747	11932133	10886141	1	45764716
149	45764716	2	37	1639965731	35.83	37	37	37	0	37	37	11168745	11766962	11943047	10885915	47	45764716
150	45764716	2	37	1637356507	35.78	37	37	37	0	37	37	11189649	11718109	11845732	11010925	301	45764716
