column	count	min	max	sum	mean	Q1	med	Q3	IQR	lW	rW	A_Count	C_Count	G_Count	T_Count	N_Count	Max_count
1	45946458	2	37	1676990145	36.50	37	37	37	0	37	37	6914602	17844317	13734559	7450833	2147	45946458
2	45946458	2	37	1677725519	36.51	37	37	37	0	37	37	11854904	8100792	11993196	13997511	55	45946458
3	45946458	2	37	1681566184	36.60	37	37	37	0	37	37	12386759	10958096	12604174	9997395	34	45946458
4	45946458	2	37	1682494445	36.62	37	37	37	0	37	37	15074889	10507663	12788686	7575219	1	45946458
5	45946458	2	37	1683125497	36.63	37	37	37	0	37	37	14402095	9655845	12890551	8997950	17	45946458
6	45946458	11	37	1682299922	36.61	37	37	37	0	37	37	14512785	11279713	10356002	9797958	0	45946458
7	45946458	2	37	1681500976	36.60	37	37	37	0	37	37	6453755	12105782	9515410	17871505	6	45946458
8	45946458	11	37	1684169516	36.66	37	37	37	0	37	37	8563333	15104600	10568272	11710253	0	45946458
9	45946458	11	37	1683555148	36.64	37	37	37	0	37	37	9103663	13343321	10667287	12832187	0	45946458
10	45946458	11	37	1683965318	36.65	37	37	37	0	37	37	15383141	9484951	11760381	9317985	0	45946458
11	45946458	11	37	1685079922	36.67	37	37	37	0	37	37	9903586	13998998	13847283	8196591	0	45946458
12	45946458	11	37	1683282000	36.64	37	37	37	0	37	37	9242060	13081873	11543432	12079093	0	45946458
13	45946458	11	37	1682682410	36.62	37	37	37	0	37	37	10930526	11224204	10905953	12885775	0	45946458
14	45946458	11	37	1682673944	36.62	37	37	37	0	37	37	10771705	11538949	11555863	12079941	0	45946458
15	45946458	11	37	1683057546	36.63	37	37	37	0	37	37	10837850	11711442	11839628	11557538	0	45946458
16	45946458	11	37	1683132008	36.63	37	37	37	0	37	37	10857790	11782095	11853148	11453425	0	45946458
17	45946458	11	37	1682932804	36.63	37	37	37	0	37	37	11047719	11624986	11960775	11312978	0	45946458
18	45946458	11	37	1682406432	36.62	37	37	37	0	37	37	11079962	11715615	11755383	11395498	0	45946458
19	45946458	11	37	1682652158	36.62	37	37	37	0	37	37	11008302	11683890	11972226	11282040	0	45946458
20	45946458	11	37	1682716544	36.62	37	37	37	0	37	37	11216563	11591578	11987560	11150757	0	45946458
21	45946458	11	37	1682359094	36.62	37	37	37	0	37	37	11227385	11560311	11820684	11338078	0	45946458
22	45946458	11	37	1680944464	36.58	37	37	37	0	37	37	11300156	11570596	11994443	11081263	0	45946458
23	45946458	11	37	1681607230	36.60	37	37	37	0	37	37	11389861	11529555	11962764	11064278	0	45946458
24	45946458	11	37	1681132096	36.59	37	37	37	0	37	37	11377718	11516083	11825089	11227568	0	45946458
25	45946458	11	37	1681142806	36.59	37	37	37	0	37	37	11327614	11609104	11948916	11060824	0	45946458
26	45946458	11	37	1680166512	36.57	37	37	37	0	37	37	11371242	11541420	11969387	11064409	0	45946458
27	45946458	11	37	1679835902	36.56	37	37	37	0	37	37	11308127	11573017	11826968	11238346	0	45946458
28	45946458	11	37	1679465438	36.55	37	37	37	0	37	37	11153977	11702372	11940292	11149817	0	45946458
29	45946458	11	37	1679229642	36.55	37	37	37	0	37	37	11208016	11640828	11988627	11108987	0	45946458
30	45946458	11	37	1678395612	36.53	37	37	37	0	37	37	11296724	11607640	11782844	11259250	0	45946458
31	45946458	11	37	1678416264	36.53	37	37	37	0	37	37	11206227	11690453	11829840	11219938	0	45946458
32	45946458	11	37	1678180116	36.52	37	37	37	0	37	37	11299475	11645151	11872284	11129548	0	45946458
33	45946458	11	37	1677893738	36.52	37	37	37	0	37	37	11323107	11625204	11748345	11249802	0	45946458
34	45946458	11	37	1677672832	36.51	37	37	37	0	37	37	11255257	11667580	11953358	11070263	0	45946458
35	45946458	11	37	1677536876	36.51	37	37	37	0	37	37	11355946	11604006	11930768	11055738	0	45946458
36	45946458	11	37	1677199540	36.50	37	37	37	0	37	37	11267450	11706153	11831727	11141128	0	45946458
37	45946458	11	37	1676975648	36.50	37	37	37	0	37	37	11185009	11731059	11888060	11142330	0	45946458
38	45946458	11	37	1676375974	36.49	37	37	37	0	37	37	11203892	11677051	11931451	11134064	0	45946458
39	45946458	11	37	1676380616	36.49	37	37	37	0	37	37	11269396	11716360	11732564	11228138	0	45946458
40	45946458	11	37	1676144294	36.48	37	37	37	0	37	37	11145827	11773835	11873854	11152942	0	45946458
41	45946458	11	37	1675987958	36.48	37	37	37	0	37	37	11241593	11665130	11952073	11087662	0	45946458
42	45946458	11	37	1675615178	36.47	37	37	37	0	37	37	11235361	11679261	11766888	11264948	0	45946458
43	45946458	11	37	1675455468	36.47	37	37	37	0	37	37	11145483	11759338	11857123	11184514	0	45946458
44	45946458	11	37	1675306406	36.46	37	37	37	0	37	37	11219243	11682376	11932515	11112324	0	45946458
45	45946458	11	37	1674756840	36.45	37	37	37	0	37	37	11252072	11715812	11773158	11205416	0	45946458
46	45946458	11	37	1674640294	36.45	37	37	37	0	37	37	11155318	11815135	11878093	11097912	0	45946458
47	45946458	11	37	1674405546	36.44	37	37	37	0	37	37	11240889	11703858	11908946	11092765	0	45946458
48	45946458	11	37	1674514088	36.44	37	37	37	0	37	37	11238129	11727403	11774920	11206006	0	45946458
49	45946458	11	37	1674441824	36.44	37	37	37	0	37	37	11141668	11820023	11887906	11096861	0	45946458
50	45946458	11	37	1674062864	36.44	37	37	37	0	37	37	11192978	11745985	11938056	11069439	0	45946458
51	45946458	11	37	1673868398	36.43	37	37	37	0	37	37	11203677	11772506	11770891	11199384	0	45946458
52	45946458	11	37	1673577932	36.42	37	37	37	0	37	37	11183309	11835251	11877720	11050178	0	45946458
53	45946458	11	37	1673412746	36.42	37	37	37	0	37	37	11233895	11752690	11902710	11057163	0	45946458
54	45946458	11	37	1673004202	36.41	37	37	37	0	37	37	11190490	11784071	11810696	11161201	0	45946458
55	45946458	11	37	1673186712	36.42	37	37	37	0	37	37	11071707	11896308	11866149	11112294	0	45946458
56	45946458	11	37	1671511404	36.38	37	37	37	0	37	37	11186375	11789211	11896922	11073950	0	45946458
57	45946458	11	37	1672525702	36.40	37	37	37	0	37	37	11174338	11793305	11768262	11210553	0	45946458
58	45946458	11	37	1672547482	36.40	37	37	37	0	37	37	11124206	11844199	11881054	11096999	0	45946458
59	45946458	11	37	1671911232	36.39	37	37	37	0	37	37	11232984	11742010	11929328	11042136	0	45946458
60	45946458	11	37	1672106782	36.39	37	37	37	0	37	37	11231777	11768618	11774094	11171969	0	45946458
61	45946458	11	37	1671814660	36.39	37	37	37	0	37	37	11113898	11853993	11916000	11062567	0	45946458
62	45946458	11	37	1671662902	36.38	37	37	37	0	37	37	11167862	11814676	11917195	11046725	0	45946458
63	45946458	11	37	1671105384	36.37	37	37	37	0	37	37	11226550	11742305	11758456	11219147	0	45946458
64	45946458	11	37	1670333944	36.35	37	37	37	0	37	37	11115173	11843039	11892128	11096118	0	45946458
65	45946458	11	37	1670331666	36.35	37	37	37	0	37	37	11222075	11741755	11962718	11019910	0	45946458
66	45946458	11	37	1669807980	36.34	37	37	37	0	37	37	11216404	11752764	11807378	11169912	0	45946458
67	45946458	11	37	1669773242	36.34	37	37	37	0	37	37	11167708	11869768	11895786	11013196	0	45946458
68	45946458	11	37	1669445698	36.33	37	37	37	0	37	37	11193013	11779556	11928711	11045178	0	45946458
69	45946458	11	37	1668855814	36.32	37	37	37	0	37	37	11265296	11727418	11778876	11174868	0	45946458
70	45946458	11	37	1669121850	36.33	37	37	37	0	37	37	11132218	11872792	11839452	11101996	0	45946458
71	45946458	11	37	1669456704	36.33	37	37	37	0	37	37	11208776	11754223	11885969	11097490	0	45946458
72	45946458	11	37	1668927282	36.32	37	37	37	0	37	37	11226412	11740127	11798747	11181172	0	45946458
73	45946458	11	37	1668602006	36.32	37	37	37	0	37	37	11147636	11821542	11922132	11055148	0	45946458
74	45946458	11	37	1668175178	36.31	37	37	37	0	37	37	11198124	11770759	11920502	11057073	0	45946458
75	45946458	11	37	1668292982	36.31	37	37	37	0	37	37	11202682	11794559	11812226	11136991	0	45946458
76	45946458	11	37	1668030624	36.30	37	37	37	0	37	37	11117573	11810962	11872567	11145356	0	45946458
77	45946458	11	37	1667514872	36.29	37	37	37	0	37	37	11176173	11742354	11942146	11085785	0	45946458
78	45946458	11	37	1667179594	36.29	37	37	37	0	37	37	11177032	11858372	11757166	11153888	0	45946458
79	45946458	11	37	1666599508	36.27	37	37	37	0	37	37	11079448	11845345	11866187	11155478	0	45946458
80	45946458	11	37	1666810116	36.28	37	37	37	0	37	37	11164320	11822124	11920143	11039871	0	45946458
81	45946458	11	37	1666768920	36.28	37	37	37	0	37	37	11206847	11778833	11777837	11182941	0	45946458
82	45946458	11	37	1666232478	36.26	37	37	37	0	37	37	11115122	11859263	11901127	11070946	0	45946458
83	45946458	11	37	1666344680	36.27	37	37	37	0	37	37	11185113	11785057	11898357	11077931	0	45946458
84	45946458	11	37	1665629852	36.25	37	37	37	0	37	37	11232698	11803797	11775268	11134695	0	45946458
85	45946458	11	37	1664143470	36.22	37	37	37	0	37	37	11097627	11870871	11934071	11043889	0	45946458
86	45946458	2	37	1665217528	36.24	37	37	37	0	37	37	11213566	11756647	11938851	11037372	22	45946458
87	45946458	2	37	1666015198	36.26	37	37	37	0	37	37	11195395	11791203	11777176	11182680	4	45946458
88	45946458	11	37	1665293830	36.24	37	37	37	0	37	37	11156035	11870813	11858749	11060861	0	45946458
89	45946458	2	37	1664634168	36.23	37	37	37	0	37	37	11173959	11821539	11912523	11038435	2	45946458
90	45946458	2	37	1663652638	36.21	37	37	37	0	37	37	11229763	11805457	11791019	11120211	8	45946458
91	45946458	2	37	1664455405	36.23	37	37	37	0	37	37	11128894	11873118	11906474	11037969	3	45946458
92	45946458	11	37	1665234302	36.24	37	37	37	0	37	37	11194525	11796625	11902258	11053050	0	45946458
93	45946458	2	37	1664590973	36.23	37	37	37	0	37	37	11189701	11765707	11804763	11186284	3	45946458
94	45946458	11	37	1664196032	36.22	37	37	37	0	37	37	11141066	11877798	11844662	11082932	0	45946458
95	45946458	11	37	1664338078	36.22	37	37	37	0	37	37	11202421	11786785	11943060	11014192	0	45946458
96	45946458	11	37	1664005584	36.22	37	37	37	0	37	37	11191799	11831950	11750244	11172465	0	45946458
97	45946458	11	37	1663688058	36.21	37	37	37	0	37	37	11109948	11929222	11895847	11011441	0	45946458
98	45946458	11	37	1662189106	36.18	37	37	37	0	37	37	11200661	11844709	11862226	11038862	0	45946458
99	45946458	11	37	1662304014	36.18	37	37	37	0	37	37	11199877	11800018	11759122	11187441	0	45946458
100	45946458	11	37	1662600158	36.19	37	37	37	0	37	37	11143044	11938990	11820841	11043583	0	45946458
101	45946458	11	37	1662495286	36.18	37	37	37	0	37	37	11215684	11778897	11892547	11059330	0	45946458
102	45946458	11	37	1662147720	36.18	37	37	37	0	37	37	11206640	11833056	11767587	11139175	0	45946458
103	45946458	11	37	1661730642	36.17	37	37	37	0	37	37	11163545	11898884	11823563	11060466	0	45946458
104	45946458	11	37	1661828372	36.17	37	37	37	0	37	37	11197427	11808038	11924300	11016693	0	45946458
105	45946458	11	37	1661542752	36.16	37	37	37	0	37	37	11205513	11810903	11768411	11161631	0	45946458
106	45946458	11	37	1661428660	36.16	37	37	37	0	37	37	11078901	11891919	11924834	11050804	0	45946458
107	45946458	11	37	1661447832	36.16	37	37	37	0	37	37	11203242	11819418	11886847	11036951	0	45946458
108	45946458	11	37	1661354506	36.16	37	37	37	0	37	37	11188307	11835693	11787102	11135356	0	45946458
109	45946458	11	37	1661272218	36.16	37	37	37	0	37	37	11149005	11934466	11866359	10996628	0	45946458
110	45946458	11	37	1660587144	36.14	37	37	37	0	37	37	11231534	11813552	11930792	10970580	0	45946458
111	45946458	11	37	1659835518	36.13	37	37	37	0	37	37	11190629	11845112	11759803	11150914	0	45946458
112	45946458	11	37	1659622126	36.12	37	37	37	0	37	37	11157322	11900081	11818347	11070708	0	45946458
113	45946458	11	37	1659261026	36.11	37	37	37	0	37	37	11182000	11824315	11918315	11021828	0	45946458
114	45946458	11	37	1658931836	36.11	37	37	37	0	37	37	11240607	11800483	11768961	11136407	0	45946458
115	45946458	11	37	1658945182	36.11	37	37	37	0	37	37	11164363	11860743	11894498	11026854	0	45946458
116	45946458	11	37	1659218634	36.11	37	37	37	0	37	37	11226015	11807242	11918588	10994613	0	45946458
117	45946458	11	37	1658334314	36.09	37	37	37	0	37	37	11236057	11808678	11821920	11079803	0	45946458
118	45946458	11	37	1656765032	36.06	37	37	37	0	37	37	11156702	11853527	11881447	11054782	0	45946458
119	45946458	11	37	1655557040	36.03	37	37	37	0	37	37	11248991	11766021	11958841	10972605	0	45946458
120	45946458	11	37	1656977764	36.06	37	37	37	0	37	37	11225220	11760697	11829995	11130546	0	45946458
121	45946458	2	37	1657629001	36.08	37	37	37	0	37	37	11192016	11831463	11926497	10996481	1	45946458
122	45946458	2	37	1657354843	36.07	37	37	37	0	37	37	11240883	11765005	11933165	11007404	1	45946458
123	45946458	2	37	1655995935	36.04	37	37	37	0	37	37	11295353	11777572	11812601	11060931	1	45946458
124	45946458	2	37	1652989895	35.98	37	37	37	0	37	37	11160644	11917551	11870308	10997534	421	45946458
125	45946458	11	37	1654563236	36.01	37	37	37	0	37	37	11219884	11825478	11886310	11014786	0	45946458
126	45946458	2	37	1656206678	36.05	37	37	37	0	37	37	11256554	11792550	11828264	11069078	12	45946458
127	45946458	2	37	1655928226	36.04	37	37	37	0	37	37	11174844	11864441	11887360	11019797	16	45946458
128	45946458	2	37	1655382629	36.03	37	37	37	0	37	37	11250389	11797251	11902431	10996374	13	45946458
129	45946458	2	37	1655248148	36.03	37	37	37	0	37	37	11265111	11781612	11821844	11077887	4	45946458
130	45946458	2	37	1655689299	36.04	37	37	37	0	37	37	11151788	11859252	11898239	11037158	21	45946458
131	45946458	2	37	1654408037	36.01	37	37	37	0	37	37	11203381	11768666	11932321	11042063	27	45946458
132	45946458	11	37	1651401860	35.94	37	37	37	0	37	37	11265132	11741468	11843368	11096490	0	45946458
133	45946458	11	37	1651475358	35.94	37	37	37	0	37	37	11194213	11862261	11855885	11034099	0	45946458
134	45946458	11	37	1653624440	35.99	37	37	37	0	37	37	11280611	11770907	11907613	10987327	0	45946458
135	45946458	11	37	1652876102	35.97	37	37	37	0	37	37	11240544	11820792	11800196	11084926	0	45946458
136	45946458	11	37	1652206916	35.96	37	37	37	0	37	37	11189044	11865140	11923102	10969172	0	45946458
137	45946458	11	37	1652369412	35.96	37	37	37	0	37	37	11243603	11778568	11945477	10978810	0	45946458
138	45946458	11	37	1651688074	35.95	37	37	37	0	37	37	11253618	11792105	11792101	11108634	0	45946458
139	45946458	11	37	1650917098	35.93	37	37	37	0	37	37	11228097	11849620	11847525	11021216	0	45946458
140	45946458	11	37	1650949190	35.93	37	37	37	0	37	37	11239202	11751196	11953134	11002926	0	45946458
141	45946458	11	37	1650236482	35.92	37	37	37	0	37	37	11259738	11761918	11845202	11079600	0	45946458
142	45946458	11	37	1650580842	35.92	37	37	37	0	37	37	11163332	11844092	11939722	10999312	0	45946458
143	45946458	11	37	1650091450	35.91	37	37	37	0	37	37	11264070	11742007	11969169	10971212	0	45946458
144	45946458	11	37	1649848744	35.91	37	37	37	0	37	37	11254082	11832289	11777235	11082852	0	45946458
145	45946458	11	37	1649443058	35.90	37	37	37	0	37	37	11194613	11842838	11919649	10989358	0	45946458
146	45946458	2	37	1648308149	35.87	37	37	37	0	37	37	11238774	11799240	11941038	10967405	1	45946458
147	45946458	11	37	1647012296	35.85	37	37	37	0	37	37	11264646	11799626	11825470	11056716	0	45946458
148	45946458	2	37	1647865113	35.86	37	37	37	0	37	37	11196747	11847186	11935212	10967312	1	45946458
149	45946458	2	37	1648374858	35.88	37	37	37	0	37	37	11221405	11796002	11945315	10983682	54	45946458
150	45946458	2	37	1645800043	35.82	37	37	37	0	37	37	11252598	11755895	11840443	11097193	329	45946458
