##FastQC	0.12.1
>>Basic Statistics	pass
#Measure	Value
Filename	HISAT2 on dataset 7 and 8_ aligned reads _BAM_
File type	Conventional base calls
Encoding	Sanger / Illumina 1.9
Total Sequences	2306443
Total Bases	345.9 Mbp
Sequences flagged as poor quality	0
Sequence length	150
%GC	52
>>END_MODULE
>>Per base sequence quality	pass
#Base	Mean	Median	Lower Quartile	Upper Quartile	10th Percentile	90th Percentile
1	36.511402189431955	37.0	37.0	37.0	37.0	37.0
2	36.471899370589256	37.0	37.0	37.0	37.0	37.0
3	36.55014106136592	37.0	37.0	37.0	37.0	37.0
4	36.56266077245351	37.0	37.0	37.0	37.0	37.0
5	36.59056521232044	37.0	37.0	37.0	37.0	37.0
6	36.55516438082363	37.0	37.0	37.0	37.0	37.0
7	36.53642470245308	37.0	37.0	37.0	37.0	37.0
8	36.60735643586249	37.0	37.0	37.0	37.0	37.0
9	36.589121430705205	37.0	37.0	37.0	37.0	37.0
10-14	36.58542101408966	37.0	37.0	37.0	37.0	37.0
15-19	36.561317752053704	37.0	37.0	37.0	37.0	37.0
20-24	36.53369790625652	37.0	37.0	37.0	37.0	37.0
25-29	36.48575360414283	37.0	37.0	37.0	37.0	37.0
30-34	36.466440055097834	37.0	37.0	37.0	37.0	37.0
35-39	36.439513918184836	37.0	37.0	37.0	37.0	37.0
40-44	36.418272725577864	37.0	37.0	37.0	37.0	37.0
45-49	36.38865950730194	37.0	37.0	37.0	37.0	37.0
50-54	36.37741622056127	37.0	37.0	37.0	37.0	37.0
55-59	36.343371589933064	37.0	37.0	37.0	37.0	37.0
60-64	36.31554666644699	37.0	37.0	37.0	37.0	37.0
65-69	36.27814526524176	37.0	37.0	37.0	37.0	37.0
70-74	36.26071236098183	37.0	37.0	37.0	37.0	37.0
75-79	36.24800899046714	37.0	37.0	37.0	37.0	37.0
80-84	36.21667589444005	37.0	37.0	37.0	37.0	37.0
85-89	36.19196529027598	37.0	37.0	37.0	37.0	37.0
90-94	36.16269060193554	37.0	37.0	37.0	37.0	37.0
95-99	36.14615136814567	37.0	37.0	37.0	37.0	37.0
100-104	36.12936604112913	37.0	37.0	37.0	37.0	37.0
105-109	36.088869744450655	37.0	37.0	37.0	37.0	37.0
110-114	36.097257551996734	37.0	37.0	37.0	37.0	37.0
115-119	36.02399252875532	37.0	37.0	37.0	37.0	37.0
120-124	36.01372685125971	37.0	37.0	37.0	37.0	37.0
125-129	35.98331239922253	37.0	37.0	37.0	37.0	37.0
130-134	35.9521610549231	37.0	37.0	37.0	37.0	37.0
135-139	35.91006090330435	37.0	37.0	37.0	37.0	37.0
140-144	35.85481704945668	37.0	37.0	37.0	37.0	37.0
145-149	35.815566567220614	37.0	37.0	37.0	37.0	37.0
150	35.78758677322613	37.0	37.0	37.0	37.0	37.0
>>END_MODULE
>>Per sequence quality scores	pass
#Quality	Count
12	14.0
13	54.0
14	95.0
15	160.0
16	265.0
17	374.0
18	475.0
19	613.0
20	805.0
21	950.0
22	1364.0
23	1831.0
24	2491.0
25	3233.0
26	4500.0
27	6083.0
28	8515.0
29	11838.0
30	15151.0
31	20171.0
32	27210.0
33	38439.0
34	64051.0
35	151338.0
36	1541984.0
37	404439.0
>>END_MODULE
>>Per base sequence content	fail
#Base	G	A	T	C
1	30.292584335938518	14.500099754517146	15.644240694638412	39.56307521490593
2	27.00536533308819	25.36194208319584	29.777750410758248	17.854942172957735
3	28.174162552467152	26.400695790010854	21.04617369690038	24.378967960621615
4	28.532506547961518	32.27745060250785	15.984873677780028	23.205169171750615
5	28.693967290758977	30.780730328041923	19.22861306349214	21.296689317706964
6	23.062872136879168	31.065974749863752	20.938041824575766	24.933111288681314
7	21.136615992677903	13.80905576248795	38.225267218830034	26.82906102600411
8	23.268903675486452	18.189567225376912	25.118938556036284	33.42259054310035
9	23.776698578720566	19.425929884241665	27.49311385540419	29.304257681633583
10-14	26.581866536480632	23.926279556876107	23.19059261382137	26.30126129282189
15-19	26.41338199123065	23.42426845146401	24.28740705926832	25.87494249803702
20-24	26.485232888911625	24.073970178322206	23.82918632717132	25.611610605594848
25-29	26.505775343244984	24.005674538672753	23.703928516768027	25.784621601314235
30-34	26.370545467631327	24.001122074120193	23.801819511689644	25.826512946558832
35-39	26.349508745717976	23.942460316600066	23.735570313248584	25.97246062443338
40-44	26.46720512928349	23.79692886405604	23.7302374262013	26.005628580459174
45-49	26.37008588549554	23.872447747462218	23.698968498246	26.058497868796238
50-54	26.432086117020887	23.82566575458401	23.61455279839996	26.12769532999515
55-59	26.448318904911154	23.6668237628244	23.64498927569422	26.239868056570227
60-64	26.366919974707347	23.685671880240758	23.63268114230376	26.31472700274813
65-69	26.415159620246413	23.812901511114735	23.584679959574114	26.187258909064738
70-74	26.40550839539499	23.742229918536896	23.541852107335842	26.310409578732276
75-79	26.39684570570354	23.687661043433547	23.63157468014601	26.283918570716903
80-84	26.392102471207828	23.689846226418776	23.58657031628356	26.331480986089833
85-89	26.56715123677455	23.71961500891199	23.464650979885477	26.24858277442798
90-94	26.363001383515655	23.69771982225444	23.570207457977503	26.369071336252404
95-99	26.328931605940404	23.694780230857646	23.54869381120626	26.427594351995694
100-104	26.25878896638677	23.69406917925134	23.55644600798719	26.490695846374702
105-109	26.352977290138973	23.60541318385063	23.53478494807806	26.506824577932342
110-114	26.321309479575262	23.75811585198507	23.47490920001058	26.44566546842909
115-119	26.52652591024361	23.74717259433682	23.377451773141587	26.348849722277983
120-124	26.423566119268138	23.849751603837714	23.427984103269953	26.298698173624196
125-129	26.508185981617583	23.809519680304263	23.415805203076772	26.266489135001386
130-134	26.468896044688726	23.830105491442886	23.466107768542297	26.23489069532609
135-139	26.425834065702038	23.86411456949077	23.411001269053692	26.299050095753508
140-144	26.56635347155772	23.871337813247496	23.390129303000336	26.172179412194446
145-149	26.646193003355645	23.866015667069654	23.27872167477988	26.20906965479482
150	26.5344498144955	23.921127742516195	23.456293387177404	26.088129055810903
>>END_MODULE
>>Per sequence GC content	pass
#GC Content	Count
0	31.0
1	27.0
2	22.5
3	26.5
4	35.5
5	44.5
6	43.5
7	37.5
8	38.0
9	40.5
10	45.0
11	53.0
12	61.5
13	66.0
14	78.5
15	94.0
16	126.0
17	184.5
18	265.5
19	381.0
20	692.5
21	1096.0
22	1563.5
23	2219.0
24	2983.5
25	4063.0
26	5390.0
27	7037.5
28	9133.0
29	11368.5
30	13662.0
31	16243.5
32	19049.5
33	21832.5
34	24691.5
35	27965.0
36	31531.5
37	35560.0
38	39696.5
39	43846.0
40	47565.0
41	50601.5
42	53448.0
43	56537.5
44	59731.0
45	61954.0
46	63653.0
47	64641.0
48	65801.5
49	67274.5
50	68885.0
51	69697.5
52	70177.5
53	71548.0
54	70809.0
55	69800.0
56	69144.5
57	66854.5
58	66671.5
59	68441.0
60	66892.5
61	63234.0
62	59377.0
63	54891.5
64	50812.5
65	47716.5
66	44675.5
67	39792.0
68	35060.5
69	31277.5
70	26958.5
71	22840.0
72	20782.5
73	18754.5
74	16886.0
75	15274.5
76	13212.0
77	11713.0
78	10297.5
79	9042.0
80	7388.0
81	6356.5
82	5584.0
83	4620.0
84	3942.0
85	3279.5
86	2836.0
87	2399.5
88	1701.5
89	1324.0
90	1078.0
91	717.5
92	370.0
93	198.0
94	166.5
95	138.0
96	102.0
97	47.0
98	36.0
99	31.0
100	52.0
>>END_MODULE
>>Per base N content	pass
#Base	N-Count
1	0.033948378520518394
2	0.014828027399766653
3	0.0
4	0.0
5	0.0
6	0.0
7	0.0
8	0.0
9	0.0
10-14	0.0
15-19	0.0
20-24	0.0
25-29	0.0
30-34	0.0
35-39	0.0
40-44	0.0
45-49	0.0
50-54	0.0
55-59	0.0
60-64	9.538497157744631E-5
65-69	0.0
70-74	0.0
75-79	0.0
80-84	0.0
85-89	0.0
90-94	0.0
95-99	0.0
100-104	0.0
105-109	0.0
110-114	0.0
115-119	0.0
120-124	2.774835536798438E-4
125-129	0.0
130-134	0.0
135-139	0.0
140-144	0.0
145-149	8.671361052495119E-6
150	0.0013007041578742679
>>END_MODULE
>>Sequence Length Distribution	pass
#Length	Count
150	2306443.0
>>END_MODULE
>>Sequence Duplication Levels	pass
#Total Deduplicated Percentage	83.4309112525224
#Duplication Level	Percentage of total
1	72.39717125190194
2	16.953584848878624
3	4.62300952272274
4	2.053451443369776
5	1.092240293040214
6	0.6229700185491827
7	0.32176630706308806
8	0.2816645311448094
9	0.17463374971518394
>10	1.1558792604259283
>50	0.16943771280083716
>100	0.15419106038770158
>500	0.0
>1k	0.0
>5k	0.0
>10k+	0.0
>>END_MODULE
>>Overrepresented sequences	pass
>>END_MODULE
>>Adapter Content	pass
#Position	Illumina Universal Adapter	Illumina Small RNA 3' Adapter	Illumina Small RNA 5' Adapter	Nextera Transposase Sequence	PolyA	PolyG
1	0.0	3.4685444209980475E-4	0.0	0.0	0.0015174881841866457	0.014524529762929325
2	8.671361052495119E-5	0.0012573473526117922	0.0	0.0	0.005723098294646779	0.014828027399766654
3	5.202816631497072E-4	0.0013440609631367435	0.0	0.0	0.007500727310408278	0.014871384205029129
4	0.001387417768399219	0.0013440609631367435	0.0	0.0	0.009538497157744632	0.014914741010291605
5	0.001387417768399219	0.0013440609631367435	0.0	0.0	0.011142698952456228	0.015088168231341507
6	0.0015608449894491214	0.001387417768399219	0.0	0.0	0.012269975889280594	0.01534830906291636
7	0.0019076994315489263	0.002037769847336353	0.0	0.0	0.01378746407346724	0.015911947531328543
8	0.0019944130420738774	0.0020811266525988287	0.0	4.335680526247559E-5	0.01868678306812698	0.016692370026053106
9	0.0021678402631237796	0.0020811266525988287	0.0	4.335680526247559E-5	0.025277017468023272	0.017559506131302617
10-11	0.0028615491473233893	0.0021028050552300663	0.0	4.335680526247559E-5	0.03223578471265061	0.018253215015502228
12-13	0.0031650467841607185	0.002146161860492542	0.0	4.335680526247559E-5	0.03717846051257282	0.019315456744432878
14-15	0.0033818308104730964	0.0021678402631237796	0.0	6.503520789371338E-5	0.046630244059792506	0.020290984862838576
16-17	0.003858755668360328	0.0021678402631237796	0.0	8.671361052495119E-5	0.05811979745434854	0.021136442565456853
18-19	0.004379037331510035	0.0022111970683862552	0.0	8.671361052495119E-5	0.06648766087000632	0.02193854346281265
20-21	0.005159459826234596	0.0022979106789112066	0.0	8.671361052495119E-5	0.0769149725356317	0.023130855607530733
22-23	0.005788133502540493	0.002319589081542444	0.0	8.671361052495119E-5	0.08595486643285787	0.024149740531198907
24-25	0.006676948010421242	0.0023412674841736822	0.0	1.300704157874268E-4	0.09404091061430957	0.025125268649604605
26-27	0.007782546544614369	0.0024279810946986335	0.0	1.300704157874268E-4	0.10362276457731667	0.02601408315748536
28-29	0.008866466676176259	0.0026230867183797734	0.0	1.300704157874268E-4	0.11205566320086818	0.0271847168995722
30-31	0.009972065210369387	0.0026447651210110114	0.0	1.300704157874268E-4	0.1187759680165519	0.028377029044290278
32-33	0.010904236523512613	0.0026664435236422495	0.0	1.300704157874268E-4	0.12586480567696667	0.02954766278637712
34-35	0.012313332694543069	0.002688121926273487	0.0	1.300704157874268E-4	0.13206482882950066	0.031173542983719955
36-37	0.013809142476098477	0.002796513939429676	0.0	1.300704157874268E-4	0.13793967594256612	0.032539282349487934
38-39	0.015131525036603984	0.002904905952585865	0.0	1.300704157874268E-4	0.1457872576950742	0.034165162546830774
40-41	0.016800762039209292	0.003013297965742054	0.0	1.300704157874268E-4	0.15367819625284473	0.035595937120492464
42-43	0.017819646962877467	0.0035769364341542366	0.0	1.300704157874268E-4	0.16005164662642865	0.03654978683626693
44-45	0.018751818276020696	0.0041622533051976565	0.0	1.300704157874268E-4	0.16703209227368723	0.03808895342308481
46-47	0.019965808823370013	0.004574142955191175	0.0	1.7342722104990237E-4	0.17483631722093285	0.03999665285463374
48-49	0.021396583397031706	0.004769248578872316	0.0	1.7342722104990237E-4	0.18142655162082913	0.04190435228618267
50-51	0.0228273579706934	0.005007711007815932	0.0	1.7342722104990237E-4	0.18853706768387513	0.04363862449668168
52-53	0.02401967011541148	0.005527992670965638	0.0	1.7342722104990237E-4	0.19603779499428342	0.045589680733493086
54-55	0.02577562072854174	0.0056797414893843025	0.0	1.7342722104990237E-4	0.20603153860728401	0.047497380165042014
56-57	0.027032968081153533	0.005831490307802967	0.0	1.7342722104990237E-4	0.21459450764662297	0.0493834011939597
58-59	0.0291357731363836	0.006048274334115346	0.0	2.1678402631237798E-4	0.22205187815176877	0.051226065417614916
60-61	0.03143368381529481	0.006156666347271534	0.0	3.4685444209980475E-4	0.22948757025428332	0.05343726248600117
62-63	0.0333197048442125	0.006265058360427724	0.0	4.7692485788723157E-4	0.2369232623567979	0.0551715346965002
64-65	0.0364197164204795	0.006286736763058962	0.0	5.202816631497072E-4	0.24418552723826253	0.057122590933311596
66-67	0.03895608952833432	0.0064818423867401016	0.0	5.419600657809449E-4	0.2510792592749962	0.05931210959906662
68-69	0.041254000207245525	0.006611912802527528	0.0	7.370656894620852E-4	0.2590785898459229	0.061458271459559156
70-71	0.04361694609405045	0.006785340023577431	0.0	7.370656894620852E-4	0.2660373570905502	0.06438485581477627
72-73	0.04669527926768621	0.006980445647258571	0.0	7.370656894620852E-4	0.2727793403088652	0.06685619371473736
74-75	0.051009281391302536	0.007045480855152284	0.0	7.370656894620852E-4	0.28004160519032983	0.06993452688837314
76-77	0.05532328351491886	0.007153872868308473	0.0	7.58744092093323E-4	0.28914653429544973	0.07320796568569005
78-79	0.05974567765169137	0.0071972296735709484	0.0	7.804224947245607E-4	0.29697243764532655	0.0763296556645883
80-81	0.06453660463319492	0.0071972296735709484	0.0	7.804224947245607E-4	0.30408295370837257	0.07893106398033682
82-83	0.07275271923043405	0.007457370505145802	0.0	8.237792999870363E-4	0.31238578191613664	0.0817926131276602
84-85	0.08003666251452995	0.007847581752508083	0.0	8.671361052495119E-4	0.3233333752449118	0.08508773032760836
86-87	0.08853459634597516	0.008021008973557986	0.0	9.538497157744631E-4	0.33423761176842437	0.08859963155386888
88-89	0.09868008877739445	0.008107722584082936	0.0	9.538497157744631E-4	0.34295232962618194	0.09146118070119227
90-91	0.11088502945878134	0.008281149805132839	0.0	9.755281184057009E-4	0.35181879630235824	0.09499476033008403
92-93	0.1276641130953594	0.008324506610395315	0.0	0.0010622417289306522	0.35934120201539776	0.09826819912740094
94-95	0.14502851360298086	0.008324506610395315	0.0	0.0010839201315618898	0.3676873870284243	0.10093464265104318
96-97	0.1635852262553204	0.008367863415657789	0.0	0.0010839201315618898	0.3756000039888261	0.10475004151414104
98-99	0.18474334722340852	0.008411220220920265	0.0	0.0011272769368243655	0.38266716324660965	0.10869551079302632
100-101	0.20577139777570919	0.008411220220920265	0.0	0.0011706337420868411	0.3911000618701611	0.1122941256298118
102-103	0.2320022649595069	0.008454577026182741	0.0	0.0012139905473493168	0.3984056835568882	0.11600113247975347
104-105	0.26072614844589703	0.008519612234076455	0.0	0.0012573473526117922	0.4056245916330904	0.12038016981126348
106-107	0.2932437523927537	0.008541290636707692	0.0	0.0013223825605055057	0.4131253189434987	0.1246291367269861
108-109	0.3253277882869856	0.008541290636707692	0.0	0.0014524529762929323	0.4211680063196879	0.1295067773190146
110-111	0.36042512214695965	0.008541290636707692	0.0	0.0015391665868178836	0.4285386632143088	0.1342109906899932
112-113	0.3980371507121572	0.008628004247232644	0.0	0.0015825233920803592	0.43629953135629196	0.13861170642413448
114-115	0.4380988387746847	0.008628004247232644	0.0	0.001604201794711597	0.44462403796668726	0.14294738695038203
116-117	0.48058850793191077	0.008671361052495118	0.0	0.001604201794711597	0.453815680682332	0.14778167073714807
118-119	0.5232299259075555	0.008736396260388832	0.0	0.0016909154052365482	0.4625737553453521	0.15326630660285123
120-121	0.5732420007778211	0.00875807466302007	0.0	0.0017342722104990238	0.4716570060478408	0.15883765607907935
122-123	0.6347219506400115	0.008801431468282547	0.0	0.0017559506131302617	0.4789843061371991	0.16417054312636384
124-125	0.7040278038520786	0.008844788273545021	8.671361052495119E-5	0.0017993074183927371	0.4886095169054687	0.16917825413417978
126-127	0.7756315677430572	0.008844788273545021	8.671361052495119E-5	0.0018643426262864506	0.4972591995553326	0.1740775731288395
128-129	0.8518094745892268	0.008844788273545021	8.671361052495119E-5	0.0018643426262864506	0.5058438469973028	0.1806678075287358
130-131	0.9356398575642233	0.008844788273545021	8.671361052495119E-5	0.0018643426262864506	0.5164012290787156	0.1869111874865323
132-133	1.01929681331817	0.008844788273545021	8.671361052495119E-5	0.0019727346394426398	0.5262432238732975	0.19324128105485372
134-135	1.1147901769087727	0.008931501884069971	8.671361052495119E-5	0.0019944130420738774	0.5355215801994673	0.19980983705211877
136-137	1.2200605000860634	0.0090615722998574	8.671361052495119E-5	0.0021244834578613044	0.5426104178598821	0.20735392116778956
138-139	1.3299700014264388	0.009104929105119876	8.671361052495119E-5	0.002146161860492542	0.5495908635071407	0.21359730112558603
>>END_MODULE
